{
 "cells": [
  {
   "cell_type": "code",
   "execution_count": 1,
   "id": "6fa78678",
   "metadata": {},
   "outputs": [],
   "source": [
    "import os\n",
    "import re\n",
    "import subprocess\n",
    "from Bio import Phylo\n",
    "from Bio.Phylo.TreeConstruction import DistanceMatrix\n",
    "from Bio.Phylo.TreeConstruction import DistanceTreeConstructor"
   ]
  },
  {
   "cell_type": "code",
   "execution_count": 4,
   "id": "88c6bd68",
   "metadata": {},
   "outputs": [
    {
     "data": {
      "text/plain": [
       "'FastTree -gtr -nt -cat 20 -makematrix biodb.fa.aln > Output.txt'"
      ]
     },
     "execution_count": 4,
     "metadata": {},
     "output_type": "execute_result"
    }
   ],
   "source": [
    "command = ['FastTree', '-gtr', '-nt', '-cat', '20', '-makematrix', \"biodb.fa.aln\", '>', \"Output.txt\"]\n",
    "\" \".join(command)"
   ]
  },
  {
   "cell_type": "code",
   "execution_count": null,
   "id": "3ceb7006",
   "metadata": {},
   "outputs": [],
   "source": []
  },
  {
   "cell_type": "code",
   "execution_count": 5,
   "id": "d745e014",
   "metadata": {},
   "outputs": [
    {
     "name": "stdout",
     "output_type": "stream",
     "text": [
      "Input filename:  bioB.fa.aln\n",
      "Output filename:  bioB.fa_matrix.txt\n"
     ]
    }
   ],
   "source": [
    "def calculate_pairwise_distances(filename):\n",
    "    # Define the FastTree command to generate a distance matrix\n",
    "    print(\"Input filename: \", filename)\n",
    "    out_filename = os.path.splitext(os.path.basename(filename))[0] + \"_matrix.txt\"\n",
    "    print(\"Output filename: \", out_filename)\n",
    "    command = ['FastTree', '-gtr', '-nt', '-cat', '20', '-makematrix', filename, '>', out_filename]\n",
    "    \n",
    "\n",
    "    # Execute the command\n",
    "    subprocess.run(\" \".join(command), shell=True)\n",
    "\n",
    "    # Read the distance matrix from the output file\n",
    "    names = []\n",
    "    distances = []\n",
    "    with open(out_filename, 'r') as matrix_file:\n",
    "        lines = matrix_file.readlines()[1:]  # Skip the header line\n",
    "        for i, line in enumerate(lines):\n",
    "            temp_data = line.strip().split()\n",
    "            names.append(temp_data[0])\n",
    "            distances.append(list(map(float, temp_data[1:])))\n",
    "\n",
    "    return (names, distances)\n",
    "\n",
    "# Specify the path to your FASTA file\n",
    "fasta_file = 'bioB.fa.aln'\n",
    "\n",
    "# Calculate pairwise distances\n",
    "names, distances = calculate_pairwise_distances(fasta_file)"
   ]
  },
  {
   "cell_type": "code",
   "execution_count": 6,
   "id": "b99b05f7",
   "metadata": {},
   "outputs": [
    {
     "name": "stdout",
     "output_type": "stream",
     "text": [
      "['AGFR01000001.1_Commensalibac_01860', 'BM11bin3NODE_1_length_643685_01394', 'BOMJAN3_00267', 'KB899333.1_Saccharibacter_fl_00453', 'NC_011365.1_Gluconacetobacte_03481', 'NC_015186.1_Acidiphilium_mul_02131', 'NC_016027.1_Komagataeibacter_00032', 'NZ_AP014690.1_Asaia_bogorens_00928', 'NZ_CP004373.1_Gluconobacter__02199', 'NZ_CP014681.1_Kozakia_balien_01490', 'NZ_CP014689.1_Gluconobacter__00860', 'NZ_CP014691.1_Neoasaia_chian_00724', 'NZ_CP018193.1_Granulibacter__00522', 'NZ_CP019875.1_Komagataeibact_02999', 'NZ_CP021467.1_Komagataeibact_00031', 'NZ_CP021524.1_Acetobacter_as_00072', 'NZ_CP022374.1_Acetobacter_or_01236', 'NZ_CP032485.1_Neokomagataea__00443', 'NZ_CP036404.1_Komagataeibact_00031', 'NZ_CP038141.1_Swingsia_samui_01808', 'NZ_CP038143.1_Oecophyllibact_00031', 'NZ_CP039846.1_Acetobacter_pa_00074', 'NZ_CP042808.1_Acetobacter_or_01055', 'NZ_CP046393.1_Commensalibact_01592', 'NZ_CP047652.1_Bombella_sp._K_00939', 'NZ_CP050139.1_Komagataeibact_01040', 'NZ_CP053708.1_Lichenicola_cl_00646', 'NZ_CP060244.1_Entomobacter_b_00382', 'NZ_CP062147.1_Novacetimonas__02345', 'NZ_CP068419.1_Gluconobacter__02323', 'NZ_CP081941.1_Asaia_bogorens_02627', 'NZ_JAGJTM010000001.1_Bombell_00464', 'NZ_JATM01000005.1_Bombella_i_00824', 'NZ_LN606600.1_Acetobacter_se_03568', 'NZ_NWUS01000001.1_Bombella_f_00255', 'NZ_PDLY01000001.1_Bombella_m_00732', 'NZ_WNIJ01000001.1_Bombella_s_01007', 'WVHO01000001.1_Saccharibacte_01095', 'WVHQ01000001.1_Saccharibacte_00656']\n"
     ]
    }
   ],
   "source": [
    "print(names)"
   ]
  },
  {
   "cell_type": "code",
   "execution_count": 7,
   "id": "552316f1",
   "metadata": {},
   "outputs": [
    {
     "name": "stdout",
     "output_type": "stream",
     "text": [
      "[[0.0, 0.564291, 0.505266, 0.553004, 0.544876, 0.670838, 0.540513, 0.533106, 0.524429, 0.518547, 0.524429, 0.557499, 0.609974, 0.523585, 0.545232, 0.42389, 0.444659, 0.490692, 0.529713, 0.436991, 0.585046, 0.456235, 0.462091, 0.304484, 0.488633, 0.55368, 0.570704, 0.541663, 0.521184, 0.517987, 0.530928, 0.566569, 0.530928, 0.456137, 0.548537, 0.559756, 0.522276, 0.513723, 0.5116], [0.564291, 0.0, 0.427788, 0.44084, 0.40199, 0.444659, 0.420304, 0.345611, 0.376972, 0.368516, 0.378674, 0.365382, 0.442729, 0.374823, 0.394954, 0.44084, 0.438926, 0.448284, 0.409431, 0.433469, 0.42617, 0.446613, 0.42754, 0.548537, 0.503581, 0.420304, 0.393321, 0.48249, 0.412973, 0.397663, 0.352144, 0.425942, 0.429639, 0.420175, 0.431494, 0.454123, 0.438956, 0.422546, 0.431637], [0.505266, 0.427788, 0.0, 0.37904, 0.416248, 0.490859, 0.448547, 0.420431, 0.393465, 0.398781, 0.395233, 0.411334, 0.486279, 0.429316, 0.425611, 0.429279, 0.444734, 0.411334, 0.444684, 0.400562, 0.342856, 0.433113, 0.42167, 0.464356, 0.387563, 0.433211, 0.429426, 0.466349, 0.421912, 0.395233, 0.431494, 0.312582, 0.32352, 0.401382, 0.318813, 0.339427, 0.363032, 0.309486, 0.360624], [0.553004, 0.44084, 0.37904, 0.0, 0.508346, 0.55368, 0.489717, 0.469145, 0.433469, 0.455803, 0.417144, 0.453916, 0.530948, 0.486279, 0.506056, 0.476164, 0.480193, 0.435305, 0.489558, 0.420741, 0.392866, 0.476164, 0.490363, 0.522276, 0.386013, 0.510196, 0.489558, 0.452506, 0.49174, 0.413564, 0.504585, 0.346159, 0.338116, 0.448498, 0.326998, 0.336517, 0.354932, 0.321844, 0.066549], [0.544876, 0.40199, 0.416248, 0.508346, 0.0, 0.328217, 0.240276, 0.293104, 0.300941, 0.328237, 0.300941, 0.277671, 0.346159, 0.215677, 0.236163, 0.358972, 0.363939, 0.40019, 0.249078, 0.483821, 0.370221, 0.360624, 0.344266, 0.514851, 0.532792, 0.218595, 0.283674, 0.502342, 0.211353, 0.312052, 0.305683, 0.410685, 0.464279, 0.328894, 0.446632, 0.429389, 0.468258, 0.506271, 0.506271], [0.670838, 0.444659, 0.490859, 0.55368, 0.328217, 0.0, 0.384347, 0.40187, 0.394672, 0.397402, 0.384002, 0.398262, 0.390096, 0.362635, 0.386104, 0.46602, 0.475934, 0.485981, 0.38627, 0.578439, 0.416478, 0.46997, 0.458182, 0.57069, 0.611836, 0.373888, 0.372774, 0.530621, 0.391402, 0.40187, 0.410967, 0.452544, 0.497091, 0.444635, 0.480584, 0.472465, 0.480584, 0.527572, 0.558122], [0.540513, 0.420304, 0.448547, 0.489717, 0.240276, 0.384347, 0.0, 0.285791, 0.322057, 0.344779, 0.330178, 0.312426, 0.372691, 0.127406, 0.125695, 0.339135, 0.339135, 0.393176, 0.138222, 0.46001, 0.403909, 0.343987, 0.339135, 0.494117, 0.54559, 0.090003, 0.331743, 0.483961, 0.245442, 0.323674, 0.295084, 0.425659, 0.448547, 0.339717, 0.435111, 0.437016, 0.452431, 0.4877, 0.499887], [0.533106, 0.345611, 0.420431, 0.469145, 0.293104, 0.40187, 0.285791, 0.0, 0.279805, 0.229, 0.287313, 0.215847, 0.400439, 0.265569, 0.291973, 0.376581, 0.374823, 0.348603, 0.297057, 0.399413, 0.355182, 0.367834, 0.354049, 0.503167, 0.501538, 0.298207, 0.312797, 0.509482, 0.310832, 0.293373, 0.138508, 0.37257, 0.414959, 0.368276, 0.402347, 0.386435, 0.420367, 0.420741, 0.461492], [0.524429, 0.376972, 0.393465, 0.433469, 0.300941, 0.394672, 0.322057, 0.279805, 0.0, 0.32285, 0.080252, 0.310297, 0.396871, 0.294969, 0.328547, 0.403449, 0.392586, 0.295428, 0.301744, 0.345924, 0.329206, 0.383652, 0.381878, 0.498985, 0.479434, 0.314022, 0.355338, 0.472361, 0.310832, 0.099805, 0.275336, 0.364033, 0.379471, 0.368276, 0.367436, 0.365733, 0.416704, 0.42617, 0.42981], [0.518547, 0.368516, 0.398781, 0.455803, 0.328237, 0.397402, 0.344779, 0.229, 0.32285, 0.0, 0.311855, 0.216614, 0.41037, 0.319187, 0.335007, 0.378117, 0.385025, 0.392436, 0.345058, 0.411781, 0.373578, 0.374686, 0.361119, 0.493769, 0.479434, 0.34642, 0.349663, 0.495802, 0.351365, 0.311855, 0.234571, 0.381206, 0.409528, 0.346695, 0.397005, 0.382945, 0.429604, 0.427988, 0.459591], [0.524429, 0.378674, 0.395233, 0.417144, 0.300941, 0.384002, 0.330178, 0.287313, 0.080252, 0.311855, 0.0, 0.304099, 0.395094, 0.301309, 0.331813, 0.414472, 0.407105, 0.286857, 0.327251, 0.34749, 0.345335, 0.403449, 0.396189, 0.501073, 0.477456, 0.328547, 0.363803, 0.468348, 0.328547, 0.033492, 0.278313, 0.360645, 0.398781, 0.371742, 0.384688, 0.358957, 0.431465, 0.399413, 0.422546], [0.557499, 0.365382, 0.411334, 0.453916, 0.277671, 0.398262, 0.312426, 0.215847, 0.310297, 0.216614, 0.304099, 0.0, 0.409431, 0.279352, 0.296644, 0.378342, 0.378342, 0.385524, 0.320793, 0.402926, 0.373578, 0.380108, 0.380108, 0.501073, 0.52642, 0.317226, 0.297057, 0.5116, 0.306073, 0.302557, 0.224047, 0.360645, 0.416779, 0.354569, 0.400562, 0.370855, 0.461887, 0.444553, 0.446416], [0.609974, 0.442729, 0.486279, 0.530948, 0.346159, 0.390096, 0.372691, 0.400439, 0.396871, 0.41037, 0.395094, 0.409431, 0.0, 0.369781, 0.362735, 0.424505, 0.431721, 0.467731, 0.388032, 0.495623, 0.433331, 0.424505, 0.405012, 0.542003, 0.598082, 0.362735, 0.362225, 0.533389, 0.387877, 0.389787, 0.396871, 0.460259, 0.484245, 0.396579, 0.488318, 0.482216, 0.509023, 0.524592, 0.543824], [0.523585, 0.374823, 0.429316, 0.486279, 0.215677, 0.362635, 0.127406, 0.265569, 0.294969, 0.319187, 0.301309, 0.279352, 0.369781, 0.0, 0.117504, 0.335616, 0.343707, 0.383652, 0.151231, 0.45438, 0.378342, 0.330803, 0.334008, 0.500474, 0.553395, 0.117889, 0.315478, 0.512992, 0.235671, 0.310919, 0.29182, 0.384913, 0.433138, 0.337821, 0.419846, 0.446669, 0.460449, 0.460259, 0.492414], [0.545232, 0.394954, 0.425611, 0.506056, 0.236163, 0.386104, 0.125695, 0.291973, 0.328547, 0.335007, 0.331813, 0.296644, 0.362735, 0.117504, 0.0, 0.347239, 0.347239, 0.414799, 0.140597, 0.465858, 0.386104, 0.357081, 0.337525, 0.478054, 0.552617, 0.11409, 0.342931, 0.474049, 0.233974, 0.341698, 0.287332, 0.403332, 0.464279, 0.338116, 0.435093, 0.431286, 0.47628, 0.465858, 0.499887], [0.42389, 0.44084, 0.429279, 0.476164, 0.358972, 0.46602, 0.339135, 0.376581, 0.403449, 0.378117, 0.414472, 0.378342, 0.424505, 0.335616, 0.347239, 0.0, 0.091693, 0.437016, 0.336219, 0.429426, 0.421912, 0.063097, 0.079461, 0.446576, 0.501479, 0.332715, 0.406455, 0.475934, 0.358252, 0.429426, 0.397998, 0.436967, 0.44084, 0.26214, 0.438901, 0.435037, 0.456537, 0.42754, 0.480193], [0.444659, 0.438926, 0.444734, 0.480193, 0.363939, 0.475934, 0.339135, 0.374823, 0.392586, 0.385025, 0.407105, 0.378342, 0.431721, 0.343707, 0.347239, 0.091693, 0.0, 0.433211, 0.349136, 0.418183, 0.429426, 0.096191, 0.101851, 0.452357, 0.493105, 0.345611, 0.424356, 0.46602, 0.35659, 0.423783, 0.387213, 0.433113, 0.446688, 0.289364, 0.438901, 0.425465, 0.462509, 0.442759, 0.486279], [0.490692, 0.448284, 0.411334, 0.435305, 0.40019, 0.485981, 0.393176, 0.348603, 0.295428, 0.392436, 0.286857, 0.385524, 0.467731, 0.383652, 0.414799, 0.437016, 0.433211, 0.0, 0.424048, 0.356954, 0.404688, 0.425659, 0.41078, 0.507371, 0.473517, 0.398523, 0.422205, 0.468348, 0.40211, 0.301197, 0.355182, 0.384688, 0.398781, 0.385769, 0.395233, 0.409528, 0.393321, 0.401167, 0.42617], [0.529713, 0.409431, 0.444684, 0.489558, 0.249078, 0.38627, 0.138222, 0.297057, 0.301744, 0.345058, 0.327251, 0.320793, 0.388032, 0.151231, 0.140597, 0.336219, 0.349136, 0.424048, 0.0, 0.481548, 0.398653, 0.339427, 0.333024, 0.477933, 0.572518, 0.122963, 0.344819, 0.50857, 0.231805, 0.337045, 0.309622, 0.396189, 0.444684, 0.341607, 0.431316, 0.405275, 0.450486, 0.487548, 0.485542], [0.436991, 0.433469, 0.400562, 0.420741, 0.483821, 0.578439, 0.46001, 0.399413, 0.345924, 0.411781, 0.34749, 0.402926, 0.495623, 0.45438, 0.465858, 0.429426, 0.418183, 0.356954, 0.481548, 0.0, 0.461492, 0.435111, 0.418183, 0.429353, 0.414959, 0.477693, 0.479558, 0.478422, 0.473727, 0.350631, 0.406455, 0.45604, 0.4241, 0.414636, 0.4241, 0.427788, 0.422205, 0.380381, 0.404688], [0.585046, 0.42617, 0.342856, 0.392866, 0.370221, 0.416478, 0.403909, 0.355182, 0.329206, 0.373578, 0.345335, 0.373578, 0.433331, 0.378342, 0.386104, 0.421912, 0.429426, 0.404688, 0.398653, 0.461492, 0.0, 0.40894, 0.407105, 0.524429, 0.422434, 0.407522, 0.38277, 0.452506, 0.407522, 0.356836, 0.378674, 0.295607, 0.35468, 0.40187, 0.339877, 0.312688, 0.378117, 0.365821, 0.389432], [0.456235, 0.446613, 0.433113, 0.476164, 0.360624, 0.46997, 0.343987, 0.367834, 0.383652, 0.374686, 0.403449, 0.380108, 0.424505, 0.330803, 0.357081, 0.063097, 0.096191, 0.425659, 0.339427, 0.435111, 0.40894, 0.0, 0.063097, 0.46602, 0.493105, 0.348871, 0.408226, 0.46602, 0.366618, 0.414472, 0.380108, 0.444734, 0.450612, 0.26496, 0.44084, 0.416013, 0.466517, 0.438926, 0.486279], [0.462091, 0.42754, 0.42167, 0.490363, 0.344266, 0.458182, 0.339135, 0.354049, 0.381878, 0.361119, 0.396189, 0.380108, 0.405012, 0.334008, 0.337525, 0.079461, 0.101851, 0.41078, 0.333024, 0.418183, 0.407105, 0.063097, 0.0, 0.467992, 0.491026, 0.331118, 0.399413, 0.46602, 0.348335, 0.405275, 0.36091, 0.452582, 0.460513, 0.252354, 0.450612, 0.419779, 0.454557, 0.438926, 0.49447], [0.304484, 0.548537, 0.464356, 0.522276, 0.514851, 0.57069, 0.494117, 0.503167, 0.498985, 0.493769, 0.501073, 0.501073, 0.542003, 0.500474, 0.478054, 0.446576, 0.452357, 0.507371, 0.477933, 0.429353, 0.524429, 0.46602, 0.467992, 0.0, 0.48249, 0.521184, 0.51436, 0.493596, 0.494117, 0.490692, 0.494827, 0.522276, 0.503167, 0.444635, 0.5116, 0.520128, 0.526589, 0.496903, 0.533106], [0.488633, 0.503581, 0.387563, 0.386013, 0.532792, 0.611836, 0.54559, 0.501538, 0.479434, 0.479434, 0.477456, 0.52642, 0.598082, 0.553395, 0.552617, 0.501479, 0.493105, 0.473517, 0.572518, 0.414959, 0.422434, 0.493105, 0.491026, 0.48249, 0.0, 0.572518, 0.550011, 0.5116, 0.515348, 0.473517, 0.515952, 0.429911, 0.439007, 0.48658, 0.412042, 0.426303, 0.399288, 0.398048, 0.384309], [0.55368, 0.420304, 0.433211, 0.510196, 0.218595, 0.373888, 0.090003, 0.298207, 0.314022, 0.34642, 0.328547, 0.317226, 0.362735, 0.117889, 0.11409, 0.332715, 0.345611, 0.398523, 0.122963, 0.477693, 0.407522, 0.348871, 0.331118, 0.521184, 0.572518, 0.0, 0.334922, 0.500277, 0.227762, 0.331813, 0.290423, 0.41078, 0.458294, 0.347778, 0.442759, 0.44084, 0.452431, 0.475707, 0.516451], [0.570704, 0.393321, 0.429426, 0.489558, 0.283674, 0.372774, 0.331743, 0.312797, 0.355338, 0.349663, 0.363803, 0.297057, 0.362225, 0.315478, 0.342931, 0.406455, 0.424356, 0.422205, 0.344819, 0.479558, 0.38277, 0.408226, 0.399413, 0.51436, 0.550011, 0.334922, 0.0, 0.506056, 0.338116, 0.377549, 0.327251, 0.383652, 0.446613, 0.37904, 0.435111, 0.412624, 0.45438, 0.505841, 0.487548], [0.541663, 0.48249, 0.466349, 0.452506, 0.502342, 0.530621, 0.483961, 0.509482, 0.472361, 0.495802, 0.468348, 0.5116, 0.533389, 0.512992, 0.474049, 0.475934, 0.46602, 0.468348, 0.50857, 0.478422, 0.452506, 0.46602, 0.46602, 0.493596, 0.5116, 0.500277, 0.506056, 0.0, 0.488007, 0.466349, 0.526589, 0.478422, 0.474376, 0.465858, 0.462368, 0.470352, 0.438913, 0.468348, 0.460385], [0.521184, 0.412973, 0.421912, 0.49174, 0.211353, 0.391402, 0.245442, 0.310832, 0.310832, 0.351365, 0.328547, 0.306073, 0.387877, 0.235671, 0.233974, 0.358252, 0.35659, 0.40211, 0.231805, 0.473727, 0.407522, 0.366618, 0.348335, 0.494117, 0.515348, 0.227762, 0.338116, 0.488007, 0.0, 0.333451, 0.279659, 0.41078, 0.446613, 0.337525, 0.431316, 0.394386, 0.460259, 0.501937, 0.479684], [0.517987, 0.397663, 0.395233, 0.413564, 0.312052, 0.40187, 0.323674, 0.293373, 0.099805, 0.311855, 0.033492, 0.302557, 0.389787, 0.310919, 0.341698, 0.429426, 0.423783, 0.301197, 0.337045, 0.350631, 0.356836, 0.414472, 0.405275, 0.490692, 0.473517, 0.331813, 0.377549, 0.466349, 0.333451, 0.0, 0.276823, 0.358957, 0.391702, 0.366549, 0.386435, 0.362337, 0.429604, 0.411781, 0.42617], [0.530928, 0.352144, 0.431494, 0.504585, 0.305683, 0.410967, 0.295084, 0.138508, 0.275336, 0.234571, 0.278313, 0.224047, 0.396871, 0.29182, 0.287332, 0.397998, 0.387213, 0.355182, 0.309622, 0.406455, 0.378674, 0.380108, 0.36091, 0.494827, 0.515952, 0.290423, 0.327251, 0.526589, 0.279659, 0.276823, 0.0, 0.402347, 0.437088, 0.357972, 0.425942, 0.405929, 0.458016, 0.44084, 0.496563], [0.566569, 0.425942, 0.312582, 0.346159, 0.410685, 0.452544, 0.425659, 0.37257, 0.364033, 0.381206, 0.360645, 0.360645, 0.460259, 0.384913, 0.403332, 0.436967, 0.433113, 0.384688, 0.396189, 0.45604, 0.295607, 0.444734, 0.452582, 0.522276, 0.429911, 0.41078, 0.383652, 0.478422, 0.41078, 0.358957, 0.402347, 0.0, 0.147544, 0.423675, 0.141439, 0.162402, 0.266451, 0.342931, 0.351026], [0.530928, 0.429639, 0.32352, 0.338116, 0.464279, 0.497091, 0.448547, 0.414959, 0.379471, 0.409528, 0.398781, 0.416779, 0.484245, 0.433138, 0.464279, 0.44084, 0.446688, 0.398781, 0.444684, 0.4241, 0.35468, 0.450612, 0.460513, 0.503167, 0.439007, 0.458294, 0.446613, 0.474376, 0.446613, 0.391702, 0.437088, 0.147544, 0.0, 0.436991, 0.060809, 0.189133, 0.254907, 0.331743, 0.331743], [0.456137, 0.420175, 0.401382, 0.448498, 0.328894, 0.444635, 0.339717, 0.368276, 0.368276, 0.346695, 0.371742, 0.354569, 0.396579, 0.337821, 0.338116, 0.26214, 0.289364, 0.385769, 0.341607, 0.414636, 0.40187, 0.26496, 0.252354, 0.444635, 0.48658, 0.347778, 0.37904, 0.465858, 0.337525, 0.366549, 0.357972, 0.423675, 0.436991, 0.0, 0.44665, 0.41059, 0.48249, 0.442747, 0.442747], [0.548537, 0.431494, 0.318813, 0.326998, 0.446632, 0.480584, 0.435111, 0.402347, 0.367436, 0.397005, 0.384688, 0.400562, 0.488318, 0.419846, 0.435093, 0.438901, 0.438901, 0.395233, 0.431316, 0.4241, 0.339877, 0.44084, 0.450612, 0.5116, 0.412042, 0.442759, 0.435111, 0.462368, 0.431316, 0.386435, 0.425942, 0.141439, 0.060809, 0.44665, 0.0, 0.186546, 0.246364, 0.331743, 0.326998], [0.559756, 0.454123, 0.339427, 0.336517, 0.429389, 0.472465, 0.437016, 0.386435, 0.365733, 0.382945, 0.358957, 0.370855, 0.482216, 0.446669, 0.431286, 0.435037, 0.425465, 0.409528, 0.405275, 0.427788, 0.312688, 0.416013, 0.419779, 0.520128, 0.426303, 0.44084, 0.412624, 0.470352, 0.394386, 0.362337, 0.405929, 0.162402, 0.189133, 0.41059, 0.186546, 0.0, 0.267907, 0.346159, 0.341322], [0.522276, 0.438956, 0.363032, 0.354932, 0.468258, 0.480584, 0.452431, 0.420367, 0.416704, 0.429604, 0.431465, 0.461887, 0.509023, 0.460449, 0.47628, 0.456537, 0.462509, 0.393321, 0.450486, 0.422205, 0.378117, 0.466517, 0.454557, 0.526589, 0.399288, 0.452431, 0.45438, 0.438913, 0.460259, 0.429604, 0.458016, 0.266451, 0.254907, 0.48249, 0.246364, 0.267907, 0.0, 0.364938, 0.348335], [0.513723, 0.422546, 0.309486, 0.321844, 0.506271, 0.527572, 0.4877, 0.420741, 0.42617, 0.427988, 0.399413, 0.444553, 0.524592, 0.460259, 0.465858, 0.42754, 0.442759, 0.401167, 0.487548, 0.380381, 0.365821, 0.438926, 0.438926, 0.496903, 0.398048, 0.475707, 0.505841, 0.468348, 0.501937, 0.411781, 0.44084, 0.342931, 0.331743, 0.442747, 0.331743, 0.346159, 0.364938, 0.0, 0.305219], [0.5116, 0.431637, 0.360624, 0.066549, 0.506271, 0.558122, 0.499887, 0.461492, 0.42981, 0.459591, 0.422546, 0.446416, 0.543824, 0.492414, 0.499887, 0.480193, 0.486279, 0.42617, 0.485542, 0.404688, 0.389432, 0.486279, 0.49447, 0.533106, 0.384309, 0.516451, 0.487548, 0.460385, 0.479684, 0.42617, 0.496563, 0.351026, 0.331743, 0.442747, 0.326998, 0.341322, 0.348335, 0.305219, 0.0]]\n"
     ]
    }
   ],
   "source": [
    "print(distances)"
   ]
  },
  {
   "cell_type": "code",
   "execution_count": 8,
   "id": "b38907b1",
   "metadata": {},
   "outputs": [
    {
     "name": "stdout",
     "output_type": "stream",
     "text": [
      "[[0.0], [0.564291, 0.0], [0.505266, 0.427788, 0.0], [0.553004, 0.44084, 0.37904, 0.0], [0.544876, 0.40199, 0.416248, 0.508346, 0.0], [0.670838, 0.444659, 0.490859, 0.55368, 0.328217, 0.0], [0.540513, 0.420304, 0.448547, 0.489717, 0.240276, 0.384347, 0.0], [0.533106, 0.345611, 0.420431, 0.469145, 0.293104, 0.40187, 0.285791, 0.0], [0.524429, 0.376972, 0.393465, 0.433469, 0.300941, 0.394672, 0.322057, 0.279805, 0.0], [0.518547, 0.368516, 0.398781, 0.455803, 0.328237, 0.397402, 0.344779, 0.229, 0.32285, 0.0], [0.524429, 0.378674, 0.395233, 0.417144, 0.300941, 0.384002, 0.330178, 0.287313, 0.080252, 0.311855, 0.0], [0.557499, 0.365382, 0.411334, 0.453916, 0.277671, 0.398262, 0.312426, 0.215847, 0.310297, 0.216614, 0.304099, 0.0], [0.609974, 0.442729, 0.486279, 0.530948, 0.346159, 0.390096, 0.372691, 0.400439, 0.396871, 0.41037, 0.395094, 0.409431, 0.0], [0.523585, 0.374823, 0.429316, 0.486279, 0.215677, 0.362635, 0.127406, 0.265569, 0.294969, 0.319187, 0.301309, 0.279352, 0.369781, 0.0], [0.545232, 0.394954, 0.425611, 0.506056, 0.236163, 0.386104, 0.125695, 0.291973, 0.328547, 0.335007, 0.331813, 0.296644, 0.362735, 0.117504, 0.0], [0.42389, 0.44084, 0.429279, 0.476164, 0.358972, 0.46602, 0.339135, 0.376581, 0.403449, 0.378117, 0.414472, 0.378342, 0.424505, 0.335616, 0.347239, 0.0], [0.444659, 0.438926, 0.444734, 0.480193, 0.363939, 0.475934, 0.339135, 0.374823, 0.392586, 0.385025, 0.407105, 0.378342, 0.431721, 0.343707, 0.347239, 0.091693, 0.0], [0.490692, 0.448284, 0.411334, 0.435305, 0.40019, 0.485981, 0.393176, 0.348603, 0.295428, 0.392436, 0.286857, 0.385524, 0.467731, 0.383652, 0.414799, 0.437016, 0.433211, 0.0], [0.529713, 0.409431, 0.444684, 0.489558, 0.249078, 0.38627, 0.138222, 0.297057, 0.301744, 0.345058, 0.327251, 0.320793, 0.388032, 0.151231, 0.140597, 0.336219, 0.349136, 0.424048, 0.0], [0.436991, 0.433469, 0.400562, 0.420741, 0.483821, 0.578439, 0.46001, 0.399413, 0.345924, 0.411781, 0.34749, 0.402926, 0.495623, 0.45438, 0.465858, 0.429426, 0.418183, 0.356954, 0.481548, 0.0], [0.585046, 0.42617, 0.342856, 0.392866, 0.370221, 0.416478, 0.403909, 0.355182, 0.329206, 0.373578, 0.345335, 0.373578, 0.433331, 0.378342, 0.386104, 0.421912, 0.429426, 0.404688, 0.398653, 0.461492, 0.0], [0.456235, 0.446613, 0.433113, 0.476164, 0.360624, 0.46997, 0.343987, 0.367834, 0.383652, 0.374686, 0.403449, 0.380108, 0.424505, 0.330803, 0.357081, 0.063097, 0.096191, 0.425659, 0.339427, 0.435111, 0.40894, 0.0], [0.462091, 0.42754, 0.42167, 0.490363, 0.344266, 0.458182, 0.339135, 0.354049, 0.381878, 0.361119, 0.396189, 0.380108, 0.405012, 0.334008, 0.337525, 0.079461, 0.101851, 0.41078, 0.333024, 0.418183, 0.407105, 0.063097, 0.0], [0.304484, 0.548537, 0.464356, 0.522276, 0.514851, 0.57069, 0.494117, 0.503167, 0.498985, 0.493769, 0.501073, 0.501073, 0.542003, 0.500474, 0.478054, 0.446576, 0.452357, 0.507371, 0.477933, 0.429353, 0.524429, 0.46602, 0.467992, 0.0], [0.488633, 0.503581, 0.387563, 0.386013, 0.532792, 0.611836, 0.54559, 0.501538, 0.479434, 0.479434, 0.477456, 0.52642, 0.598082, 0.553395, 0.552617, 0.501479, 0.493105, 0.473517, 0.572518, 0.414959, 0.422434, 0.493105, 0.491026, 0.48249, 0.0], [0.55368, 0.420304, 0.433211, 0.510196, 0.218595, 0.373888, 0.090003, 0.298207, 0.314022, 0.34642, 0.328547, 0.317226, 0.362735, 0.117889, 0.11409, 0.332715, 0.345611, 0.398523, 0.122963, 0.477693, 0.407522, 0.348871, 0.331118, 0.521184, 0.572518, 0.0], [0.570704, 0.393321, 0.429426, 0.489558, 0.283674, 0.372774, 0.331743, 0.312797, 0.355338, 0.349663, 0.363803, 0.297057, 0.362225, 0.315478, 0.342931, 0.406455, 0.424356, 0.422205, 0.344819, 0.479558, 0.38277, 0.408226, 0.399413, 0.51436, 0.550011, 0.334922, 0.0], [0.541663, 0.48249, 0.466349, 0.452506, 0.502342, 0.530621, 0.483961, 0.509482, 0.472361, 0.495802, 0.468348, 0.5116, 0.533389, 0.512992, 0.474049, 0.475934, 0.46602, 0.468348, 0.50857, 0.478422, 0.452506, 0.46602, 0.46602, 0.493596, 0.5116, 0.500277, 0.506056, 0.0], [0.521184, 0.412973, 0.421912, 0.49174, 0.211353, 0.391402, 0.245442, 0.310832, 0.310832, 0.351365, 0.328547, 0.306073, 0.387877, 0.235671, 0.233974, 0.358252, 0.35659, 0.40211, 0.231805, 0.473727, 0.407522, 0.366618, 0.348335, 0.494117, 0.515348, 0.227762, 0.338116, 0.488007, 0.0], [0.517987, 0.397663, 0.395233, 0.413564, 0.312052, 0.40187, 0.323674, 0.293373, 0.099805, 0.311855, 0.033492, 0.302557, 0.389787, 0.310919, 0.341698, 0.429426, 0.423783, 0.301197, 0.337045, 0.350631, 0.356836, 0.414472, 0.405275, 0.490692, 0.473517, 0.331813, 0.377549, 0.466349, 0.333451, 0.0], [0.530928, 0.352144, 0.431494, 0.504585, 0.305683, 0.410967, 0.295084, 0.138508, 0.275336, 0.234571, 0.278313, 0.224047, 0.396871, 0.29182, 0.287332, 0.397998, 0.387213, 0.355182, 0.309622, 0.406455, 0.378674, 0.380108, 0.36091, 0.494827, 0.515952, 0.290423, 0.327251, 0.526589, 0.279659, 0.276823, 0.0], [0.566569, 0.425942, 0.312582, 0.346159, 0.410685, 0.452544, 0.425659, 0.37257, 0.364033, 0.381206, 0.360645, 0.360645, 0.460259, 0.384913, 0.403332, 0.436967, 0.433113, 0.384688, 0.396189, 0.45604, 0.295607, 0.444734, 0.452582, 0.522276, 0.429911, 0.41078, 0.383652, 0.478422, 0.41078, 0.358957, 0.402347, 0.0], [0.530928, 0.429639, 0.32352, 0.338116, 0.464279, 0.497091, 0.448547, 0.414959, 0.379471, 0.409528, 0.398781, 0.416779, 0.484245, 0.433138, 0.464279, 0.44084, 0.446688, 0.398781, 0.444684, 0.4241, 0.35468, 0.450612, 0.460513, 0.503167, 0.439007, 0.458294, 0.446613, 0.474376, 0.446613, 0.391702, 0.437088, 0.147544, 0.0], [0.456137, 0.420175, 0.401382, 0.448498, 0.328894, 0.444635, 0.339717, 0.368276, 0.368276, 0.346695, 0.371742, 0.354569, 0.396579, 0.337821, 0.338116, 0.26214, 0.289364, 0.385769, 0.341607, 0.414636, 0.40187, 0.26496, 0.252354, 0.444635, 0.48658, 0.347778, 0.37904, 0.465858, 0.337525, 0.366549, 0.357972, 0.423675, 0.436991, 0.0], [0.548537, 0.431494, 0.318813, 0.326998, 0.446632, 0.480584, 0.435111, 0.402347, 0.367436, 0.397005, 0.384688, 0.400562, 0.488318, 0.419846, 0.435093, 0.438901, 0.438901, 0.395233, 0.431316, 0.4241, 0.339877, 0.44084, 0.450612, 0.5116, 0.412042, 0.442759, 0.435111, 0.462368, 0.431316, 0.386435, 0.425942, 0.141439, 0.060809, 0.44665, 0.0], [0.559756, 0.454123, 0.339427, 0.336517, 0.429389, 0.472465, 0.437016, 0.386435, 0.365733, 0.382945, 0.358957, 0.370855, 0.482216, 0.446669, 0.431286, 0.435037, 0.425465, 0.409528, 0.405275, 0.427788, 0.312688, 0.416013, 0.419779, 0.520128, 0.426303, 0.44084, 0.412624, 0.470352, 0.394386, 0.362337, 0.405929, 0.162402, 0.189133, 0.41059, 0.186546, 0.0], [0.522276, 0.438956, 0.363032, 0.354932, 0.468258, 0.480584, 0.452431, 0.420367, 0.416704, 0.429604, 0.431465, 0.461887, 0.509023, 0.460449, 0.47628, 0.456537, 0.462509, 0.393321, 0.450486, 0.422205, 0.378117, 0.466517, 0.454557, 0.526589, 0.399288, 0.452431, 0.45438, 0.438913, 0.460259, 0.429604, 0.458016, 0.266451, 0.254907, 0.48249, 0.246364, 0.267907, 0.0], [0.513723, 0.422546, 0.309486, 0.321844, 0.506271, 0.527572, 0.4877, 0.420741, 0.42617, 0.427988, 0.399413, 0.444553, 0.524592, 0.460259, 0.465858, 0.42754, 0.442759, 0.401167, 0.487548, 0.380381, 0.365821, 0.438926, 0.438926, 0.496903, 0.398048, 0.475707, 0.505841, 0.468348, 0.501937, 0.411781, 0.44084, 0.342931, 0.331743, 0.442747, 0.331743, 0.346159, 0.364938, 0.0], [0.5116, 0.431637, 0.360624, 0.066549, 0.506271, 0.558122, 0.499887, 0.461492, 0.42981, 0.459591, 0.422546, 0.446416, 0.543824, 0.492414, 0.499887, 0.480193, 0.486279, 0.42617, 0.485542, 0.404688, 0.389432, 0.486279, 0.49447, 0.533106, 0.384309, 0.516451, 0.487548, 0.460385, 0.479684, 0.42617, 0.496563, 0.351026, 0.331743, 0.442747, 0.326998, 0.341322, 0.348335, 0.305219, 0.0]]\n"
     ]
    }
   ],
   "source": [
    "distance_matrix = [distances[i][:i+1] for i in range(len(distances))]\n",
    "print(distance_matrix)"
   ]
  },
  {
   "cell_type": "code",
   "execution_count": null,
   "id": "dae3fa23",
   "metadata": {},
   "outputs": [],
   "source": []
  },
  {
   "cell_type": "code",
   "execution_count": 9,
   "id": "82a1cbe7",
   "metadata": {},
   "outputs": [
    {
     "name": "stdout",
     "output_type": "stream",
     "text": [
      "AGFR01000001.1_Commensalibac_01860\t0\n",
      "BM11bin3NODE_1_length_643685_01394\t0.564291\t0\n",
      "BOMJAN3_00267\t0.505266\t0.427788\t0\n",
      "KB899333.1_Saccharibacter_fl_00453\t0.553004\t0.44084\t0.37904\t0\n",
      "NC_011365.1_Gluconacetobacte_03481\t0.544876\t0.40199\t0.416248\t0.508346\t0\n",
      "NC_015186.1_Acidiphilium_mul_02131\t0.670838\t0.444659\t0.490859\t0.55368\t0.328217\t0\n",
      "NC_016027.1_Komagataeibacter_00032\t0.540513\t0.420304\t0.448547\t0.489717\t0.240276\t0.384347\t0\n",
      "NZ_AP014690.1_Asaia_bogorens_00928\t0.533106\t0.345611\t0.420431\t0.469145\t0.293104\t0.40187\t0.285791\t0\n",
      "NZ_CP004373.1_Gluconobacter__02199\t0.524429\t0.376972\t0.393465\t0.433469\t0.300941\t0.394672\t0.322057\t0.279805\t0\n",
      "NZ_CP014681.1_Kozakia_balien_01490\t0.518547\t0.368516\t0.398781\t0.455803\t0.328237\t0.397402\t0.344779\t0.229\t0.32285\t0\n",
      "NZ_CP014689.1_Gluconobacter__00860\t0.524429\t0.378674\t0.395233\t0.417144\t0.300941\t0.384002\t0.330178\t0.287313\t0.080252\t0.311855\t0\n",
      "NZ_CP014691.1_Neoasaia_chian_00724\t0.557499\t0.365382\t0.411334\t0.453916\t0.277671\t0.398262\t0.312426\t0.215847\t0.310297\t0.216614\t0.304099\t0\n",
      "NZ_CP018193.1_Granulibacter__00522\t0.609974\t0.442729\t0.486279\t0.530948\t0.346159\t0.390096\t0.372691\t0.400439\t0.396871\t0.41037\t0.395094\t0.409431\t0\n",
      "NZ_CP019875.1_Komagataeibact_02999\t0.523585\t0.374823\t0.429316\t0.486279\t0.215677\t0.362635\t0.127406\t0.265569\t0.294969\t0.319187\t0.301309\t0.279352\t0.369781\t0\n",
      "NZ_CP021467.1_Komagataeibact_00031\t0.545232\t0.394954\t0.425611\t0.506056\t0.236163\t0.386104\t0.125695\t0.291973\t0.328547\t0.335007\t0.331813\t0.296644\t0.362735\t0.117504\t0\n",
      "NZ_CP021524.1_Acetobacter_as_00072\t0.42389\t0.44084\t0.429279\t0.476164\t0.358972\t0.46602\t0.339135\t0.376581\t0.403449\t0.378117\t0.414472\t0.378342\t0.424505\t0.335616\t0.347239\t0\n",
      "NZ_CP022374.1_Acetobacter_or_01236\t0.444659\t0.438926\t0.444734\t0.480193\t0.363939\t0.475934\t0.339135\t0.374823\t0.392586\t0.385025\t0.407105\t0.378342\t0.431721\t0.343707\t0.347239\t0.091693\t0\n",
      "NZ_CP032485.1_Neokomagataea__00443\t0.490692\t0.448284\t0.411334\t0.435305\t0.40019\t0.485981\t0.393176\t0.348603\t0.295428\t0.392436\t0.286857\t0.385524\t0.467731\t0.383652\t0.414799\t0.437016\t0.433211\t0\n",
      "NZ_CP036404.1_Komagataeibact_00031\t0.529713\t0.409431\t0.444684\t0.489558\t0.249078\t0.38627\t0.138222\t0.297057\t0.301744\t0.345058\t0.327251\t0.320793\t0.388032\t0.151231\t0.140597\t0.336219\t0.349136\t0.424048\t0\n",
      "NZ_CP038141.1_Swingsia_samui_01808\t0.436991\t0.433469\t0.400562\t0.420741\t0.483821\t0.578439\t0.46001\t0.399413\t0.345924\t0.411781\t0.34749\t0.402926\t0.495623\t0.45438\t0.465858\t0.429426\t0.418183\t0.356954\t0.481548\t0\n",
      "NZ_CP038143.1_Oecophyllibact_00031\t0.585046\t0.42617\t0.342856\t0.392866\t0.370221\t0.416478\t0.403909\t0.355182\t0.329206\t0.373578\t0.345335\t0.373578\t0.433331\t0.378342\t0.386104\t0.421912\t0.429426\t0.404688\t0.398653\t0.461492\t0\n",
      "NZ_CP039846.1_Acetobacter_pa_00074\t0.456235\t0.446613\t0.433113\t0.476164\t0.360624\t0.46997\t0.343987\t0.367834\t0.383652\t0.374686\t0.403449\t0.380108\t0.424505\t0.330803\t0.357081\t0.063097\t0.096191\t0.425659\t0.339427\t0.435111\t0.40894\t0\n",
      "NZ_CP042808.1_Acetobacter_or_01055\t0.462091\t0.42754\t0.42167\t0.490363\t0.344266\t0.458182\t0.339135\t0.354049\t0.381878\t0.361119\t0.396189\t0.380108\t0.405012\t0.334008\t0.337525\t0.079461\t0.101851\t0.41078\t0.333024\t0.418183\t0.407105\t0.063097\t0\n",
      "NZ_CP046393.1_Commensalibact_01592\t0.304484\t0.548537\t0.464356\t0.522276\t0.514851\t0.57069\t0.494117\t0.503167\t0.498985\t0.493769\t0.501073\t0.501073\t0.542003\t0.500474\t0.478054\t0.446576\t0.452357\t0.507371\t0.477933\t0.429353\t0.524429\t0.46602\t0.467992\t0\n",
      "NZ_CP047652.1_Bombella_sp._K_00939\t0.488633\t0.503581\t0.387563\t0.386013\t0.532792\t0.611836\t0.54559\t0.501538\t0.479434\t0.479434\t0.477456\t0.52642\t0.598082\t0.553395\t0.552617\t0.501479\t0.493105\t0.473517\t0.572518\t0.414959\t0.422434\t0.493105\t0.491026\t0.48249\t0\n",
      "NZ_CP050139.1_Komagataeibact_01040\t0.55368\t0.420304\t0.433211\t0.510196\t0.218595\t0.373888\t0.090003\t0.298207\t0.314022\t0.34642\t0.328547\t0.317226\t0.362735\t0.117889\t0.11409\t0.332715\t0.345611\t0.398523\t0.122963\t0.477693\t0.407522\t0.348871\t0.331118\t0.521184\t0.572518\t0\n",
      "NZ_CP053708.1_Lichenicola_cl_00646\t0.570704\t0.393321\t0.429426\t0.489558\t0.283674\t0.372774\t0.331743\t0.312797\t0.355338\t0.349663\t0.363803\t0.297057\t0.362225\t0.315478\t0.342931\t0.406455\t0.424356\t0.422205\t0.344819\t0.479558\t0.38277\t0.408226\t0.399413\t0.51436\t0.550011\t0.334922\t0\n",
      "NZ_CP060244.1_Entomobacter_b_00382\t0.541663\t0.48249\t0.466349\t0.452506\t0.502342\t0.530621\t0.483961\t0.509482\t0.472361\t0.495802\t0.468348\t0.5116\t0.533389\t0.512992\t0.474049\t0.475934\t0.46602\t0.468348\t0.50857\t0.478422\t0.452506\t0.46602\t0.46602\t0.493596\t0.5116\t0.500277\t0.506056\t0\n",
      "NZ_CP062147.1_Novacetimonas__02345\t0.521184\t0.412973\t0.421912\t0.49174\t0.211353\t0.391402\t0.245442\t0.310832\t0.310832\t0.351365\t0.328547\t0.306073\t0.387877\t0.235671\t0.233974\t0.358252\t0.35659\t0.40211\t0.231805\t0.473727\t0.407522\t0.366618\t0.348335\t0.494117\t0.515348\t0.227762\t0.338116\t0.488007\t0\n",
      "NZ_CP068419.1_Gluconobacter__02323\t0.517987\t0.397663\t0.395233\t0.413564\t0.312052\t0.40187\t0.323674\t0.293373\t0.099805\t0.311855\t0.033492\t0.302557\t0.389787\t0.310919\t0.341698\t0.429426\t0.423783\t0.301197\t0.337045\t0.350631\t0.356836\t0.414472\t0.405275\t0.490692\t0.473517\t0.331813\t0.377549\t0.466349\t0.333451\t0\n",
      "NZ_CP081941.1_Asaia_bogorens_02627\t0.530928\t0.352144\t0.431494\t0.504585\t0.305683\t0.410967\t0.295084\t0.138508\t0.275336\t0.234571\t0.278313\t0.224047\t0.396871\t0.29182\t0.287332\t0.397998\t0.387213\t0.355182\t0.309622\t0.406455\t0.378674\t0.380108\t0.36091\t0.494827\t0.515952\t0.290423\t0.327251\t0.526589\t0.279659\t0.276823\t0\n",
      "NZ_JAGJTM010000001.1_Bombell_00464\t0.566569\t0.425942\t0.312582\t0.346159\t0.410685\t0.452544\t0.425659\t0.37257\t0.364033\t0.381206\t0.360645\t0.360645\t0.460259\t0.384913\t0.403332\t0.436967\t0.433113\t0.384688\t0.396189\t0.45604\t0.295607\t0.444734\t0.452582\t0.522276\t0.429911\t0.41078\t0.383652\t0.478422\t0.41078\t0.358957\t0.402347\t0\n",
      "NZ_JATM01000005.1_Bombella_i_00824\t0.530928\t0.429639\t0.32352\t0.338116\t0.464279\t0.497091\t0.448547\t0.414959\t0.379471\t0.409528\t0.398781\t0.416779\t0.484245\t0.433138\t0.464279\t0.44084\t0.446688\t0.398781\t0.444684\t0.4241\t0.35468\t0.450612\t0.460513\t0.503167\t0.439007\t0.458294\t0.446613\t0.474376\t0.446613\t0.391702\t0.437088\t0.147544\t0\n",
      "NZ_LN606600.1_Acetobacter_se_03568\t0.456137\t0.420175\t0.401382\t0.448498\t0.328894\t0.444635\t0.339717\t0.368276\t0.368276\t0.346695\t0.371742\t0.354569\t0.396579\t0.337821\t0.338116\t0.26214\t0.289364\t0.385769\t0.341607\t0.414636\t0.40187\t0.26496\t0.252354\t0.444635\t0.48658\t0.347778\t0.37904\t0.465858\t0.337525\t0.366549\t0.357972\t0.423675\t0.436991\t0\n",
      "NZ_NWUS01000001.1_Bombella_f_00255\t0.548537\t0.431494\t0.318813\t0.326998\t0.446632\t0.480584\t0.435111\t0.402347\t0.367436\t0.397005\t0.384688\t0.400562\t0.488318\t0.419846\t0.435093\t0.438901\t0.438901\t0.395233\t0.431316\t0.4241\t0.339877\t0.44084\t0.450612\t0.5116\t0.412042\t0.442759\t0.435111\t0.462368\t0.431316\t0.386435\t0.425942\t0.141439\t0.060809\t0.44665\t0\n",
      "NZ_PDLY01000001.1_Bombella_m_00732\t0.559756\t0.454123\t0.339427\t0.336517\t0.429389\t0.472465\t0.437016\t0.386435\t0.365733\t0.382945\t0.358957\t0.370855\t0.482216\t0.446669\t0.431286\t0.435037\t0.425465\t0.409528\t0.405275\t0.427788\t0.312688\t0.416013\t0.419779\t0.520128\t0.426303\t0.44084\t0.412624\t0.470352\t0.394386\t0.362337\t0.405929\t0.162402\t0.189133\t0.41059\t0.186546\t0\n",
      "NZ_WNIJ01000001.1_Bombella_s_01007\t0.522276\t0.438956\t0.363032\t0.354932\t0.468258\t0.480584\t0.452431\t0.420367\t0.416704\t0.429604\t0.431465\t0.461887\t0.509023\t0.460449\t0.47628\t0.456537\t0.462509\t0.393321\t0.450486\t0.422205\t0.378117\t0.466517\t0.454557\t0.526589\t0.399288\t0.452431\t0.45438\t0.438913\t0.460259\t0.429604\t0.458016\t0.266451\t0.254907\t0.48249\t0.246364\t0.267907\t0\n",
      "WVHO01000001.1_Saccharibacte_01095\t0.513723\t0.422546\t0.309486\t0.321844\t0.506271\t0.527572\t0.4877\t0.420741\t0.42617\t0.427988\t0.399413\t0.444553\t0.524592\t0.460259\t0.465858\t0.42754\t0.442759\t0.401167\t0.487548\t0.380381\t0.365821\t0.438926\t0.438926\t0.496903\t0.398048\t0.475707\t0.505841\t0.468348\t0.501937\t0.411781\t0.44084\t0.342931\t0.331743\t0.442747\t0.331743\t0.346159\t0.364938\t0\n",
      "WVHQ01000001.1_Saccharibacte_00656\t0.5116\t0.431637\t0.360624\t0.066549\t0.506271\t0.558122\t0.499887\t0.461492\t0.42981\t0.459591\t0.422546\t0.446416\t0.543824\t0.492414\t0.499887\t0.480193\t0.486279\t0.42617\t0.485542\t0.404688\t0.389432\t0.486279\t0.49447\t0.533106\t0.384309\t0.516451\t0.487548\t0.460385\t0.479684\t0.42617\t0.496563\t0.351026\t0.331743\t0.442747\t0.326998\t0.341322\t0.348335\t0.305219\t0\n",
      "\tAGFR01000001.1_Commensalibac_01860\tBM11bin3NODE_1_length_643685_01394\tBOMJAN3_00267\tKB899333.1_Saccharibacter_fl_00453\tNC_011365.1_Gluconacetobacte_03481\tNC_015186.1_Acidiphilium_mul_02131\tNC_016027.1_Komagataeibacter_00032\tNZ_AP014690.1_Asaia_bogorens_00928\tNZ_CP004373.1_Gluconobacter__02199\tNZ_CP014681.1_Kozakia_balien_01490\tNZ_CP014689.1_Gluconobacter__00860\tNZ_CP014691.1_Neoasaia_chian_00724\tNZ_CP018193.1_Granulibacter__00522\tNZ_CP019875.1_Komagataeibact_02999\tNZ_CP021467.1_Komagataeibact_00031\tNZ_CP021524.1_Acetobacter_as_00072\tNZ_CP022374.1_Acetobacter_or_01236\tNZ_CP032485.1_Neokomagataea__00443\tNZ_CP036404.1_Komagataeibact_00031\tNZ_CP038141.1_Swingsia_samui_01808\tNZ_CP038143.1_Oecophyllibact_00031\tNZ_CP039846.1_Acetobacter_pa_00074\tNZ_CP042808.1_Acetobacter_or_01055\tNZ_CP046393.1_Commensalibact_01592\tNZ_CP047652.1_Bombella_sp._K_00939\tNZ_CP050139.1_Komagataeibact_01040\tNZ_CP053708.1_Lichenicola_cl_00646\tNZ_CP060244.1_Entomobacter_b_00382\tNZ_CP062147.1_Novacetimonas__02345\tNZ_CP068419.1_Gluconobacter__02323\tNZ_CP081941.1_Asaia_bogorens_02627\tNZ_JAGJTM010000001.1_Bombell_00464\tNZ_JATM01000005.1_Bombella_i_00824\tNZ_LN606600.1_Acetobacter_se_03568\tNZ_NWUS01000001.1_Bombella_f_00255\tNZ_PDLY01000001.1_Bombella_m_00732\tNZ_WNIJ01000001.1_Bombella_s_01007\tWVHO01000001.1_Saccharibacte_01095\tWVHQ01000001.1_Saccharibacte_00656\n"
     ]
    }
   ],
   "source": [
    "distance_matrix = DistanceMatrix(names, matrix=distance_matrix)\n",
    "print(distance_matrix)\n",
    "constructor = DistanceTreeConstructor()\n",
    "upgmatree = constructor.upgma(distance_matrix)"
   ]
  },
  {
   "cell_type": "code",
   "execution_count": 11,
   "id": "9b7b0ae4",
   "metadata": {},
   "outputs": [
    {
     "name": "stdout",
     "output_type": "stream",
     "text": [
      "     ___________________________ NZ_CP060244.1_Entomobacter_b_00382\n",
      "    |\n",
      "   ,|    _______________________ NZ_CP047652.1_Bombella_sp._K_00939\n",
      "   ||   |\n",
      "   ||   |   ____________________ NZ_CP038143.1_Oecophyllibact_00031\n",
      "   ||___|  |\n",
      "   |    |  |        ______________ NZ_WNIJ01000001.1_Bombella_s_01007\n",
      "   |    |  |       |\n",
      "   |    |__|   ____|     _________ NZ_PDLY01000001.1_Bombella_m_00732\n",
      "   |       |  |    |    |\n",
      "   |       |  |    |____|      ___ NZ_NWUS01000001.1_Bombella_f_00255\n",
      "   |       |  |         |  ___|\n",
      "   |       |  |         |_|   |___ NZ_JATM01000005.1_Bombella_i_00824\n",
      "   |       |__|           |\n",
      "   |          |           |_______ NZ_JAGJTM010000001.1_Bombell_00464\n",
      "   |          |\n",
      "   |          |                  ___ WVHQ01000001.1_Saccharibacte_00656\n",
      "   |          |  _______________|\n",
      "   |          | |               |___ KB899333.1_Saccharibacter_fl_00453\n",
      "   |          |_|\n",
